%YAML:1.0
Date: "Fri Nov 18 06:30:51 2016"
